0.15000000000000002	0
1.4940933238455248E-4	0
1.4674733918391725E-4	0
1.4252364315147704E-4	0
1.4215576857614013E-4	0
1.3976330648967082E-4	0
1.3616382397190955E-4	0
1.354355668428033E-4	0
1.2153283931380001E-4	0
1.1748432252480932E-4	0
1.1487656128206441E-4	0
1.1370343733994095E-4	0
1.1273452653923186E-4	0
1.125401038324333E-4	0
1.1213098489933567E-4	0
1.1058221368884629E-4	0
1.0995227517618E-4	0
1.0935206560803602E-4	0
1.0927252263765634E-4	0
1.0910706283160895E-4	0
1.0872948484244799E-4	0
1.0819155668182189E-4	0
1.0816484683668765E-4	0
1.0743443356514998E-4	0
1.0516704298805916E-4	0
1.0506100734435946E-4	0
1.0495861420243237E-4	0
9.933430954670673E-5	0
9.907957807119924E-5	0
9.869518145609875E-5	0
9.868874262552329E-5	0
9.82678352051507E-5	0
9.640151454144878E-5	0
9.321919536519492E-5	0
9.311382265931589E-5	0
9.298031494310294E-5	0
9.284501564487508E-5	0
8.6968444547844E-5	0
8.673100228548505E-5	0
8.65908445617606E-5	0
8.625062821929567E-5	0
8.612238903484047E-5	0
8.566444292375915E-5	0
8.55448407311557E-5	0
8.532258962766574E-5	0
8.525873246042509E-5	0
8.515870782969534E-5	0
8.515870782969534E-5	0
8.515870782969534E-5	0
8.515870782969534E-5	0
8.515870782969534E-5	0
8.515870782969534E-5	0
8.515870782969534E-5	0
8.515870782969534E-5	0
8.515870782969534E-5	0
8.515870782969534E-5	0
8.362355669596554E-5	0
8.164727627132414E-5	0
7.897008830246946E-5	0
7.896048351232975E-5	0
7.863157880106362E-5	0
7.797755862883967E-5	0
7.552432428926075E-5	0
7.535547950303754E-5	0
7.534348509146975E-5	0
7.530909825645106E-5	0
7.510185504160214E-5	0
7.500723207275712E-5	0
7.477153093600286E-5	0
7.470883933642498E-5	0
7.469350120840055E-5	0
7.458588887217474E-5	0
7.447162762048907E-5	0
7.429528607605669E-5	0
7.412571894195694E-5	0
7.389524140520362E-5	0
7.333376171264081E-5	0
7.302994357121856E-5	0
7.243293373150202E-5	0
7.118214166936597E-5	1
7.05693093542829E-5	0
7.011031635178864E-5	0
7.004617634590146E-5	0
6.841627847279099E-5	0
6.834792877914042E-5	0
6.779302162519498E-5	0
6.69308591601491E-5	0
6.609581470543422E-5	0
6.585822985444866E-5	0
6.500488989228289E-5	0
6.488929314794142E-5	0
6.397779908359679E-5	0
6.36386787688129E-5	0
6.238812851265612E-5	0
6.1829189094058E-5	0
6.158673308742439E-5	0
6.1000703612732286E-5	0
5.561474200121738E-5	0
5.454726159462173E-5	0
5.423807726464781E-5	0
4.5865266736260916E-5	0
4.5454835790183294E-5	0
4.54401957769524E-5	0
4.525034998018651E-5	0
4.521107188350692E-5	0
4.508368737040523E-5	0
4.5007398002347725E-5	0
4.4940588358149594E-5	0
4.457289907301253E-5	0
4.418780614609817E-5	0
4.3793382606893446E-5	0
4.358440350763099E-5	0
4.358440350763099E-5	0
4.358440350763099E-5	0
4.358440350763099E-5	0
4.358440350763099E-5	0
4.149232745448096E-5	0
3.940407504970564E-5	0
3.550747388275858E-5	0
3.5490366722692E-5	0
3.5311261729483126E-5	0
3.457985098824059E-5	0
3.4395119979856005E-5	0
3.438197018906983E-5	0
3.4006419071462976E-5	0
3.381083643969765E-5	0
3.381010005800428E-5	0
3.3238344691474523E-5	0
3.296882069433347E-5	0
3.280993445117371E-5	0
3.2675741810624E-5	0
3.264976035368629E-5	0
3.228568792754103E-5	0
3.217352453111854E-5	0
3.1975788999300876E-5	0
3.194551525604463E-5	0
3.176315442724166E-5	0
3.1561611297968426E-5	0
3.1404094378920795E-5	0
3.116372774168169E-5	0
3.049570583468111E-5	0
3.0139684387720795E-5	0
1.945959952146128E-5	0
1.909922983124534E-5	0
1.8395408932018157E-5	0
1.827227489591572E-5	0
1.8207514601596392E-5	0
1.812998544787134E-5	0
1.8079930732967918E-5	0
1.7920281676526485E-5	0
1.780743922379195E-5	0
1.7671276725915597E-5	0
1.7670036087285773E-5	0
1.766613520049856E-5	0
1.7510613618883773E-5	0
1.749595730084766E-5	0
1.7469165438517613E-5	0
1.711379193444432E-5	0
1.7077568234545354E-5	0
1.6865501680155875E-5	0
1.6865501680155875E-5	0
1.6865501680155875E-5	0
1.6865501680155875E-5	0
1.6865501680155875E-5	0
1.6865501680155875E-5	0
1.6865501680155875E-5	0
1.6865501680155875E-5	0
1.6865501680155875E-5	0
1.6865501680155875E-5	0
1.6865501680155875E-5	0
1.6865501680155875E-5	0
1.6865501680155875E-5	0
1.6865501680155875E-5	0
1.6865501680155875E-5	0
1.6865501680155875E-5	0
1.6865501680155875E-5	0
1.6865501680155875E-5	0
1.6865501680155875E-5	0
1.6865501680155875E-5	0
1.6865501680155875E-5	0
1.6865501680155875E-5	0
1.655417618266988E-5	0
1.655417618266988E-5	0
1.655417618266988E-5	0
1.481431490895164E-5	0
1.1996300481021187E-5	0
1.0323725640030152E-5	0
7.75814940741661E-6	0
6.65140935959563E-6	0
5.989102893324939E-6	0
4.853584852788395E-6	0
4.853584852788395E-6	0
4.588660081851569E-6	0
4.373070231679436E-6	0
4.359374814992889E-6	0
4.086883862831992E-6	0
4.056805392642936E-6	0
4.037953259547301E-6	0
3.99810831129571E-6	0
3.9594154335875056E-6	0
3.904912906398257E-6	0
3.885688264109407E-6	0
3.8730606994554395E-6	0
3.7786331805151318E-6	0
3.749357834002742E-6	0
3.6401807737229536E-6	0
3.5657081084334316E-6	0
3.532553703367553E-6	0
3.446501600281467E-6	0
3.4236983421958536E-6	0
3.377343176949003E-6	0
3.3224535896699447E-6	0
3.157212933494265E-6	0
3.1424076936065938E-6	0
3.1295553009291296E-6	0
3.10541358464461E-6	0
3.0818431981434515E-6	0
2.911160390625044E-6	0
2.8897623162400203E-6	0
2.830435171617352E-6	0
2.7945688026372987E-6	0
2.7945688026372987E-6	0
2.7945688026372987E-6	0
2.7945688026372987E-6	0
2.7945688026372987E-6	0
2.7945688026372987E-6	0
2.7945688026372987E-6	0
2.7945688026372987E-6	0
2.7945688026372987E-6	0
2.7945688026372987E-6	0
2.7945688026372987E-6	0
2.7945688026372987E-6	0
2.7945688026372987E-6	0
2.7945688026372987E-6	0
2.7945688026372987E-6	0
2.794568802637298E-6	0
2.73146281597405E-6	0
2.6686194900868085E-6	0
2.6359767714414807E-6	0
2.601550425224745E-6	0
2.5694770851401805E-6	0
2.5050966985910728E-6	0
2.484562986143008E-6	0
2.4045805498664773E-6	0
2.381051041471682E-6	0
2.3800009593460357E-6	0
2.3800009593460357E-6	0
2.3800009593460357E-6	0
2.3800009593460357E-6	0
2.3800009593460357E-6	0
2.3800009593460357E-6	0
2.3800009593460357E-6	0
2.3800009593460357E-6	0
2.3732971778760447E-6	0
2.3672418650029838E-6	0
2.273860296086793E-6	0
2.2479270931922663E-6	0
2.207288467222185E-6	0
2.206260333970361E-6	0
2.198611750354206E-6	0
2.197062699191325E-6	0
2.1936676087447983E-6	0
2.1833241353625724E-6	0
2.167099379550229E-6	0
2.135468390258553E-6	0
2.08793247570929E-6	0
2.0303506831001197E-6	0
1.9912442092844687E-6	0
1.9869214379477237E-6	0
1.958460119226803E-6	0
1.9569933699294315E-6	0
1.8949188063003196E-6	0
1.869400425807867E-6	0
1.8681785555673441E-6	0
1.8666621193960635E-6	0
1.8531952691354662E-6	0
1.8341981100155323E-6	0
1.7943132787760834E-6	0
1.7901056656948988E-6	0
1.7857045313933845E-6	0
1.7847575693159833E-6	0
1.7334511288915877E-6	0
1.723084038561493E-6	0
1.720987033424669E-6	0
1.662797924847855E-6	0
1.6487080623434678E-6	0
1.6162691308321444E-6	0
1.6095618267234674E-6	0
1.501269285386773E-6	0
1.4875705820231822E-6	0
1.4808999903524706E-6	0
1.3505565464959377E-6	0
1.2127681816364832E-6	0
1.212373771942655E-6	0
1.204834728950362E-6	0
1.2026839898664111E-6	0
1.1431621928145647E-6	0
1.1407011921373312E-6	0
1.0893648244119682E-6	0
1.0678176509817112E-6	0
1.0571401095920203E-6	0
1.0509382865365585E-6	0
1.018896806462686E-6	0
1.0047945612493264E-6	0
1.0047945612493264E-6	0
9.746211649390828E-7	0
9.626085742575667E-7	0
8.591642259748556E-7	0
8.591642259748556E-7	0
8.591642259748556E-7	0
8.232239310923887E-7	0
8.011912114213772E-7	0
7.674788206736381E-7	0
7.585664524974504E-7	0
7.26866542346495E-7	0
7.250697085985969E-7	0
7.24046925383023E-7	0
6.817992841790139E-7	0
6.817992841790139E-7	0
6.817992841790139E-7	0
6.817992841790139E-7	0
6.817992841790139E-7	0
6.817992841790139E-7	0
6.817992841790139E-7	0
6.172107894124288E-7	0
5.636987436565869E-7	0
5.017942993810477E-7	0
5.017942993810477E-7	0
4.846430264325599E-7	0
4.846430264325599E-7	0
4.764051715942399E-7	0
4.5576208648830946E-7	0
4.034666657300859E-7	0
4.034666657300859E-7	0
4.034666657300859E-7	0
4.034666657300859E-7	0
4.034666657300859E-7	0
4.034666657300859E-7	0
3.628887018417178E-7	0
3.6288870184171775E-7	0
3.6288870184171775E-7	0
3.6288870184171775E-7	0
3.6288870184171775E-7	0
3.6288870184171775E-7	0
3.3284925186526735E-7	0
3.170758169479181E-7	0
3.1141308149057185E-7	0
3.1141308149057185E-7	0
3.04796906864535E-7	0
3.04796906864535E-7	0
3.04796906864535E-7	0
3.04796906864535E-7	0
3.04796906864535E-7	0
3.04796906864535E-7	0
3.04796906864535E-7	0
3.047969068645349E-7	0
3.047969068645349E-7	0
3.047969068645349E-7	0
3.047969068645349E-7	0
3.047969068645349E-7	0
3.047969068645349E-7	0
2.556054116438689E-7	0
2.537784882715006E-7	0
2.537784882715006E-7	0
2.537784882715006E-7	0
2.537784882715006E-7	0
2.537784882715006E-7	0
2.1265653666582137E-7	0
2.016677630784174E-7	0
2.007220539372863E-7	0
1.9457864590719158E-7	0
1.8729900807754768E-7	0
1.8729900807754768E-7	0
1.8729900807754768E-7	0
1.8729900807754768E-7	0
1.8729900807754768E-7	0
1.8729900807754768E-7	0
1.8729900807754768E-7	0
1.8729900807754768E-7	0
1.8729900807754768E-7	0
1.8729900807754768E-7	0
1.8729900807754768E-7	0
1.8729900807754768E-7	0
1.6067289115909545E-7	0
1.6067289115909545E-7	0
1.6067289115909542E-7	0
1.6067289115909542E-7	0
1.5830323060955972E-7	0
1.5830323060955972E-7	0
1.5830323060955972E-7	0
1.3825668241641056E-7	0
1.3046670939221668E-7	0
1.0655792092269756E-7	0
8.983649428473436E-8	0
8.983649428473436E-8	0
8.983649428473436E-8	0
8.983649428473436E-8	0
8.983649428473436E-8	0
8.008899139502348E-8	0
5.225406023323091E-8	0
5.225406023323091E-8	0
5.225406023323091E-8	0
5.210751293035921E-8	0
5.210751293035921E-8	0
5.210751293035921E-8	0
5.210751293035921E-8	0
5.210751293035921E-8	0
5.166324329953606E-8	0
5.110471710127947E-8	0
5.110471710127947E-8	0
4.5259328996641406E-8	0
4.5259328996641406E-8	0
4.525932899664139E-8	0
3.304098566399842E-8	0
2.5725060273152528E-8	0
2.1582766897409263E-8	0
2.1582766897409263E-8	0
2.1582766897409263E-8	0
2.1582766897409263E-8	0
2.1582766897409263E-8	0
2.1582766897409263E-8	0
2.1582766897409263E-8	0
1.8312895660262285E-8	0
6.3822918972363425E-9	0
4.7547606398722885E-9	0
4.7547606398722885E-9	0
4.7547606398722885E-9	0
4.7547606398722885E-9	0
4.7547606398722885E-9	0
4.7547606398722885E-9	0
7.1891314603271E-11	0
7.1891314603271E-11	0
7.1891314603271E-11	0
7.1891314603271E-11	0
7.1891314603271E-11	0
7.189131460327098E-11	0
4.4770679156973757E-11	0
2.8178009681034763E-11	0
0.0	0
0.0	0
0.0	0
0.0	0
0.0	0
0.0	0
0.0	0
0.0	0
0.0	0
0.0	0
0.0	0
0.0	0
0.0	0
0.0	0
0.0	0
0.0	0
0.0	0
0.0	0
0.0	0
0.0	0
0.0	0
0.0	0
0.0	0
0.0	0
0.0	0
0.0	0
0.0	0
0.0	0
0.0	0
0.0	0
0.0	0
0.0	0
0.0	0
0.0	0
0.0	0
0.0	0
0.0	0
0.0	0
0.0	0
0.0	0
0.0	0
0.0	0
0.0	0
0.0	0
0.0	0
0.0	0
0.0	0
0.0	0
0.0	0
0.0	0
0.0	0
0.0	0
0.0	0
0.0	0
0.0	0
