0.15000000000000002	0
6.889898699319165E-5	0
5.240411063709725E-5	0
5.1705945047182336E-5	0
5.1705945047182336E-5	0
5.1705945047182336E-5	0
5.1705945047182336E-5	0
5.1705945047182336E-5	0
5.1705945047182336E-5	0
5.1705945047182336E-5	0
5.1705945047182336E-5	0
5.1705945047182336E-5	0
5.1705945047182336E-5	0
5.1705945047182336E-5	0
5.1705945047182336E-5	0
5.1705945047182336E-5	0
5.081541853091559E-5	1
4.919376417068346E-5	0
4.850671724460789E-5	0
4.842024178634046E-5	0
4.7835890767270355E-5	0
4.56185718275085E-5	0
4.5292360760348684E-5	0
4.469730334339358E-5	0
4.4688777805874304E-5	0
4.3690128747678964E-5	0
4.160532430994013E-5	0
4.112056539660191E-5	0
4.0328641438820906E-5	0
4.0277722013052E-5	0
4.015145862831907E-5	0
3.9733990702976985E-5	0
3.877150431399952E-5	0
3.853689987019394E-5	0
3.841353990408765E-5	0
3.838431025727894E-5	0
3.8187300336334326E-5	0
3.8117853115073276E-5	0
3.749511876658922E-5	0
3.7359415446439294E-5	0
3.6502327240642506E-5	0
3.5895369766235576E-5	0
3.5517899058042185E-5	0
3.4769192496006445E-5	0
3.445086135856689E-5	0
3.364122528322224E-5	0
3.300725345776843E-5	0
3.294128187839487E-5	0
3.285201218362948E-5	0
3.2776413083643855E-5	0
3.2660607707707414E-5	0
3.2635459046396105E-5	0
3.2544241356832515E-5	0
3.250112402857305E-5	0
3.248112881530019E-5	0
3.246307274573781E-5	1
3.24585588597488E-5	0
3.2440890669602797E-5	0
3.243314648676797E-5	0
3.243292003843971E-5	0
3.24159762013346E-5	0
3.235971425102354E-5	0
3.234819426793425E-5	0
3.230619792359295E-5	0
3.224663831508345E-5	0
3.1779086091028446E-5	0
3.141380208325332E-5	0
3.1306873224241926E-5	0
3.110654842986904E-5	0
3.0349572646678656E-5	0
3.0047987464384087E-5	0
2.9599771161966267E-5	0
2.9244054354771274E-5	0
2.8941216052298905E-5	0
2.85146792712116E-5	0
2.8469492929842616E-5	0
2.8146371049324954E-5	1
2.8140477999031227E-5	0
2.8068186929470993E-5	0
2.8045498065028118E-5	0
2.5925784333606885E-5	0
2.5437367036609294E-5	0
2.5403196075413393E-5	0
2.5395150850552864E-5	0
2.5388598708548513E-5	0
2.538354251064122E-5	0
2.533815269495947E-5	0
2.532290231446116E-5	0
2.528193646799294E-5	0
2.5246092842883675E-5	0
2.5169852236833752E-5	0
2.5036684432311644E-5	0
2.4966872266985927E-5	0
2.4937047503183938E-5	0
2.4726049001077843E-5	0
2.463636349761471E-5	0
2.4572201027529304E-5	0
2.4572201027529304E-5	0
2.4572201027529304E-5	0
2.4572201027529304E-5	0
2.4572201027529304E-5	0
2.4572201027529304E-5	0
2.4572201027529304E-5	0
2.4572201027529304E-5	0
2.4572201027529304E-5	0
2.4572201027529304E-5	0
2.4572201027529304E-5	0
2.4572201027529304E-5	0
2.4572201027529304E-5	0
2.4572201027529304E-5	0
2.4572201027529304E-5	0
2.4572201027529304E-5	0
2.4572201027529304E-5	0
2.4572201027529304E-5	0
2.4572201027529304E-5	0
2.4572201027529304E-5	0
2.4572201027529304E-5	0
2.4572201027529304E-5	0
2.4407891505204642E-5	0
2.4309473510175748E-5	0
2.427607696999846E-5	0
2.4023114412324653E-5	0
2.4001381256948466E-5	0
2.398128690317583E-5	0
2.3966234042978242E-5	0
2.39491794421568E-5	0
2.3896231621650533E-5	0
2.3879565186889433E-5	0
2.384217373779599E-5	0
2.3783785599618133E-5	0
2.3760728342897112E-5	0
2.3755492274214666E-5	0
2.3725351237690402E-5	0
2.3723403209548865E-5	0
2.3704909407035142E-5	0
2.3702934023400667E-5	0
2.369936663199011E-5	0
2.3642128426777437E-5	0
2.3635421847521372E-5	0
2.3433165396742445E-5	0
2.3342560270385676E-5	0
2.332984916335558E-5	0
2.3272208449863392E-5	0
2.327128303825792E-5	0
2.3271283038257916E-5	0
2.3271283038257916E-5	0
2.3271283038257916E-5	0
2.3271283038257916E-5	0
2.3271283038257916E-5	0
2.3271283038257916E-5	0
2.3271283038257916E-5	0
2.3271283038257916E-5	0
2.3271283038257916E-5	0
2.325077226891383E-5	0
2.3222159504246595E-5	0
2.313486393897584E-5	0
2.313486393897584E-5	0
2.313486393897584E-5	0
2.313486393897584E-5	0
2.3134863938975836E-5	0
2.3134863938975836E-5	0
2.3134863938975836E-5	0
2.3134863938975836E-5	0
2.3134863938975836E-5	0
2.3134863938975836E-5	0
2.3134863938975836E-5	0
2.3134863938975836E-5	0
2.3134863938975836E-5	0
2.3134863938975836E-5	0
2.3134863938975836E-5	0
2.3134863938975836E-5	0
2.3098658634523966E-5	0
2.278824959879303E-5	0
2.243946335850269E-5	0
2.243946335850269E-5	0
2.243946335850269E-5	0
2.2385766700447233E-5	0
2.22809340466144E-5	0
2.2217892200336663E-5	0
2.179368614273728E-5	0
2.171954355191764E-5	0
2.133919996484902E-5	0
2.1234135174544833E-5	0
2.1234135174544833E-5	0
2.1234135174544833E-5	0
2.1234135174544833E-5	0
2.1234135174544833E-5	0
2.0657147732161952E-5	0
2.0249914772160495E-5	0
1.9898713364747775E-5	0
1.9274981633163446E-5	0
1.9239640652260154E-5	0
1.915005078264576E-5	0
1.8318630644569762E-5	0
1.8279523256533648E-5	0
1.8270432374374927E-5	0
1.816023585949543E-5	0
1.7502119642997078E-5	0
1.748449227699403E-5	0
1.7466158637674674E-5	0
1.7454591253035724E-5	0
1.7328066278787638E-5	0
1.7326654589947872E-5	0
1.7319899985355885E-5	0
1.7190476209214077E-5	0
1.7114612730615096E-5	0
1.679827848180742E-5	0
1.6724648643927037E-5	0
1.6718195446962246E-5	0
1.664689983214645E-5	0
1.664188076077773E-5	0
1.6614824723835598E-5	0
1.6605036885275068E-5	0
1.6522070514752968E-5	0
1.6407395137560046E-5	0
1.6323825341693006E-5	0
1.6247976623665414E-5	0
1.6238654750576486E-5	0
1.6232642040883752E-5	0
1.6212643689532672E-5	0
1.621211654852907E-5	0
1.6207609050832184E-5	0
1.619593443318408E-5	0
1.6179539898099025E-5	0
1.6157451082581943E-5	0
1.6072593718887376E-5	0
1.6028762101043313E-5	0
1.594974424236167E-5	0
1.578184020479819E-5	0
1.5775149176747524E-5	0
1.565164937588502E-5	0
1.5583676909729464E-5	0
1.545993591707503E-5	0
1.5390309709029053E-5	0
1.5387200179996718E-5	0
1.1637347958483533E-5	0
2.4032238130702703E-6	0
1.9589666578600555E-6	0
1.884330919424789E-6	0
1.7678786808335135E-6	0
1.760525554556594E-6	0
1.7490919485623788E-6	0
1.6963191559730597E-6	0
1.6652982115315627E-6	0
1.6566827816070315E-6	0
1.6376241353224885E-6	0
1.5903367637170525E-6	0
1.5582120277902522E-6	1
1.49467191738644E-6	0
1.470900220273769E-6	0
1.4614885081224195E-6	0
1.4562441031779607E-6	0
1.4434715506272833E-6	0
1.426683167072982E-6	0
1.3394711799650666E-6	0
1.3324103513024968E-6	0
1.3320433560319645E-6	0
1.3262165817319061E-6	0
1.3140864139832217E-6	0
1.22151809068162E-6	0
1.2170837928905211E-6	0
1.2076174887941554E-6	0
1.1881532720730693E-6	0
1.1837265942667649E-6	0
1.1647867383083022E-6	0
1.1609347227646896E-6	0
1.1436681501276909E-6	0
1.1304187578850924E-6	0
1.11981000125143E-6	0
1.0973584786805537E-6	0
1.0808703736699362E-6	0
1.0437615799411221E-6	0
1.021741164600414E-6	0
1.0132338626802267E-6	0
1.0106780466075735E-6	0
1.010230823373891E-6	0
1.000605347255713E-6	0
9.791934946549157E-7	0
9.701141337313684E-7	0
9.566809342746108E-7	0
9.475617773214438E-7	0
9.100733294931293E-7	0
9.100733294931293E-7	0
9.065230397299081E-7	0
8.804286995937312E-7	0
8.746772794557795E-7	0
8.548364734585701E-7	0
8.431301858846511E-7	0
8.308640506401982E-7	0
8.302688816119255E-7	0
8.302688816119253E-7	0
8.302688816119253E-7	0
8.302688816119253E-7	0
8.302688816119253E-7	0
8.302688816119253E-7	0
8.302688816119253E-7	0
8.302688816119253E-7	0
8.285901455363509E-7	0
8.012983402889706E-7	0
8.001012234657128E-7	0
7.683626049862844E-7	0
7.544676567011618E-7	0
7.469463098502432E-7	0
7.332392856952758E-7	0
7.245446986525537E-7	0
7.079186622076098E-7	0
6.837087038795318E-7	0
6.752238517470611E-7	0
6.379801628785832E-7	0
6.320754854719071E-7	0
6.200467901035645E-7	0
6.038198803881419E-7	0
6.024998095952701E-7	0
5.887263423150994E-7	0
5.670043565192503E-7	0
5.191441609437147E-7	0
5.188771303500222E-7	0
4.863347986562848E-7	0
4.6707277066194127E-7	0
4.5683544733945386E-7	0
4.179084980395019E-7	0
4.059770014653589E-7	0
3.7741204791288526E-7	0
3.6403200241425265E-7	0
3.640320024142526E-7	0
3.370325408522788E-7	0
3.370325408522788E-7	0
3.370325408522788E-7	0
3.370325408522788E-7	0
3.370325408522788E-7	0
3.370325408522788E-7	0
3.370325408522788E-7	0
3.370325408522788E-7	0
3.370325408522788E-7	0
3.370325408522788E-7	0
3.370325408522788E-7	0
3.370325408522788E-7	0
3.26814145459205E-7	0
3.16655405927678E-7	0
3.124546514939591E-7	0
3.0301892083436485E-7	0
2.480906131388127E-7	0
2.480906131388127E-7	0
2.480906131388127E-7	0
2.480906131388127E-7	0
2.480906131388127E-7	0
2.4809061313881265E-7	0
2.4809061313881265E-7	0
2.3950537378493315E-7	0
2.3950537378493315E-7	0
2.3950537378493315E-7	0
2.3255971968160262E-7	0
2.2726575695481723E-7	0
2.272657569548172E-7	0
2.272657569548172E-7	0
2.272657569548172E-7	0
2.272657569548172E-7	0
2.272657569548172E-7	0
2.080543538113969E-7	0
2.080543538113969E-7	0
2.080543538113969E-7	0
2.080543538113969E-7	0
2.080543538113969E-7	0
1.984719956027757E-7	0
1.3544325998413883E-7	0
1.3544325998413883E-7	0
1.3544325998413883E-7	0
1.3544325998413883E-7	0
1.3544325998413883E-7	0
1.3544325998413883E-7	0
1.3544325998413883E-7	0
1.1637981811275024E-7	0
1.1466885695716377E-7	0
1.1244648653145793E-7	0
1.1244648653145793E-7	0
1.1244648653145793E-7	0
1.1244648653145793E-7	0
1.1244648653145793E-7	0
1.1244648653145793E-7	0
1.0771099987412743E-7	0
9.647630425826808E-8	0
9.271630557338093E-8	0
9.271630557338093E-8	0
9.271630557338093E-8	0
9.271630557338093E-8	0
9.271630557338093E-8	0
8.579533497344963E-8	0
8.579533497344963E-8	0
7.198048959352546E-8	0
6.477199629329435E-8	0
6.477199629329435E-8	0
6.477199629329435E-8	0
6.477199629329435E-8	0
6.477199629329435E-8	0
6.477199629329435E-8	0
6.15375613529419E-8	0
6.15375613529419E-8	0
6.15375613529419E-8	0
6.15375613529419E-8	0
5.806873086008747E-8	0
4.117343164167705E-8	0
3.963069868488418E-8	0
3.963069868488418E-8	0
3.867030559765402E-8	0
3.422571607887309E-8	0
2.4376474574915528E-8	0
2.4376474574915528E-8	0
2.4376474574915528E-8	0
2.3124638483695558E-8	0
2.3019870388703312E-8	0
2.301987038870331E-8	0
2.27798196581922E-8	0
2.27798196581922E-8	0
2.27798196581922E-8	0
2.27798196581922E-8	0
2.27798196581922E-8	0
2.1262152496832966E-8	0
2.1262152496832966E-8	0
2.1262152496832966E-8	0
1.603904751964504E-8	0
1.1278457158646914E-8	0
7.988630235473162E-9	0
7.653751548498248E-9	0
6.989034155280464E-9	0
4.653884031849716E-9	0
4.653884031849716E-9	0
2.500027326155274E-10	0
3.49774097958699E-11	0
3.49774097958699E-11	0
3.4977409795869896E-11	0
3.4977409795869896E-11	0
3.4977409795869896E-11	0
3.4977409795869896E-11	0
1.8608823940607903E-11	0
1.4008844035134219E-11	0
0.0	0
0.0	0
0.0	0
0.0	0
0.0	0
0.0	0
0.0	0
0.0	0
0.0	0
0.0	0
0.0	0
0.0	0
0.0	0
0.0	0
0.0	0
0.0	0
0.0	0
0.0	0
0.0	0
0.0	0
0.0	0
0.0	0
0.0	0
0.0	0
0.0	0
0.0	0
0.0	0
0.0	0
0.0	0
0.0	0
0.0	0
0.0	0
0.0	0
0.0	0
0.0	0
0.0	0
0.0	0
0.0	0
0.0	0
0.0	0
0.0	0
0.0	0
0.0	0
0.0	0
0.0	0
0.0	0
0.0	0
0.0	0
0.0	0
0.0	0
0.0	0
0.0	0
0.0	0
0.0	0
0.0	0
