0.15000000000000002	0
0.006447848821841597	0
0.006447848821841597	0
0.006447848821841597	0
0.006447848821841597	0
0.006447848821841597	0
0.006447848821841597	0
0.006447848821841597	0
0.006447848821841597	0
0.006447848821841597	0
0.006447848821841597	0
0.006447848821841597	0
0.006447848821841597	0
0.006447848821841597	0
0.006447848821841597	0
0.006447848821841597	0
0.006447848821841597	0
0.0062643530891873704	0
0.00626299944833179	0
2.677591284448283E-5	0
2.6708628388753246E-5	0
2.6624494065466044E-5	0
2.6608112202387552E-5	0
2.6414425877702537E-5	0
2.636240296640184E-5	0
2.6357213576767737E-5	0
2.633783883676726E-5	0
2.630495367488394E-5	0
2.621632450089429E-5	0
2.580171578295348E-5	0
2.4742385677199414E-5	0
2.416897471444745E-5	0
2.3933065564093196E-5	0
2.3235171068171957E-5	0
2.3204921500043884E-5	0
2.2891000670034264E-5	0
2.2880097238025525E-5	0
2.2637083039622372E-5	0
2.2485524895633298E-5	0
2.2395580239777367E-5	0
2.228725800792136E-5	0
2.211721634594039E-5	0
2.2045736793878648E-5	0
2.1365525608456843E-5	0
2.132871936442618E-5	0
2.1247325474396764E-5	0
2.1159167809891917E-5	0
1.8992435507205508E-5	0
1.8939966034309844E-5	0
1.7864348209823064E-5	0
1.7664998037584013E-5	0
1.7604620244301445E-5	0
1.7594345207534787E-5	0
1.7578128280996065E-5	0
1.7576402936507554E-5	0
1.7552475567200024E-5	0
1.7532396366875063E-5	0
1.715981070509607E-5	0
1.707710303244703E-5	0
1.707363347638963E-5	0
1.7045742081713614E-5	0
1.678244331108756E-5	0
1.6254798205409484E-5	0
1.599880703965877E-5	1
1.592450813517175E-5	0
1.5562749005806617E-5	0
1.551519476198705E-5	0
1.5510650189771918E-5	0
1.5474769289816343E-5	0
1.5466739098428917E-5	0
1.5447808117667838E-5	0
1.544028677934891E-5	0
1.543890937833222E-5	0
1.5431591099700452E-5	0
1.542645970109209E-5	0
1.5386710695238945E-5	0
1.5372875902909656E-5	0
1.5362816520175152E-5	0
1.5356283669770735E-5	0
1.5352668276809244E-5	0
1.53523644827752E-5	0
1.5331594676655734E-5	0
1.5321036822613787E-5	0
1.531974913129859E-5	0
1.5319157631472467E-5	0
1.5300587166054977E-5	0
1.5293807337630347E-5	0
1.5277208993805114E-5	0
1.52740766205904E-5	0
1.5273685475200064E-5	0
1.5262657497691797E-5	0
1.5251317935640284E-5	0
1.5232286100829555E-5	0
1.5231692632800647E-5	0
1.522336103315203E-5	0
1.5191061558604718E-5	0
1.5190370767121298E-5	0
1.5176393820036816E-5	0
1.5169319059478958E-5	0
1.5153057802339015E-5	0
1.5142756457526308E-5	0
1.512336569256407E-5	0
1.5122124391793038E-5	0
1.5069001932605916E-5	0
1.5043336691264527E-5	0
1.5043336691264527E-5	0
1.5043336691264527E-5	0
1.5043336691264526E-5	0
1.5043336691264526E-5	0
1.5043336691264526E-5	0
1.5043336691264526E-5	0
1.5043336691264526E-5	0
1.5043336691264526E-5	0
1.5043336691264526E-5	0
1.5043336691264526E-5	0
1.5043336691264526E-5	0
1.5043336691264526E-5	0
1.5043336691264526E-5	0
1.5043336691264526E-5	0
1.5043336691264526E-5	0
1.5043336691264526E-5	0
1.5043336691264526E-5	0
1.5043336691264526E-5	0
1.5043336691264526E-5	0
1.5043336691264526E-5	0
1.5043336691264526E-5	0
1.5043336691264526E-5	0
1.5043336691264526E-5	0
1.5043336691264526E-5	0
1.5043336691264526E-5	0
1.5043336691264526E-5	0
1.5042706898669972E-5	0
1.5011177196057183E-5	0
1.4882870454761683E-5	0
1.4854944247290355E-5	0
1.4854944247290355E-5	0
1.4854944247290355E-5	0
1.4854944247290355E-5	0
1.4854944247290355E-5	0
1.4854944247290355E-5	0
1.4854944247290355E-5	0
1.4854944247290355E-5	0
1.4854944247290355E-5	0
1.4854944247290355E-5	0
1.3400959266485082E-5	0
1.3349406465857312E-5	0
1.3342413362391352E-5	0
1.3205457023471115E-5	0
1.3162401991063667E-5	0
1.3107249751304563E-5	0
1.2946922831401683E-5	0
1.2899449349895937E-5	0
1.2815891375605885E-5	0
1.2807935662887799E-5	0
1.277421909731908E-5	0
1.277421909731908E-5	0
1.2774219097319079E-5	0
1.2774219097319079E-5	0
1.2774219097319079E-5	0
1.2774219097319079E-5	0
1.1972104698147856E-5	0
1.1585566493772027E-5	0
1.1407761038998237E-5	0
1.0612715045911126E-5	0
1.0561793049319959E-5	0
1.0450582545572617E-5	0
1.0245004173046004E-5	0
1.0027184016718664E-5	0
9.88486684609609E-6	1
9.858019721912747E-6	0
9.810953865437223E-6	0
9.777251352555023E-6	0
9.777251352555023E-6	0
9.777251352555023E-6	0
9.777251352555023E-6	0
9.676851784649341E-6	1
9.652787689785609E-6	0
9.594832711558416E-6	0
9.58564505281548E-6	0
9.053390267979755E-6	0
8.90962653508382E-6	0
8.897639052549264E-6	0
8.773458142097109E-6	0
8.694190509884691E-6	0
8.644978707980526E-6	0
8.471414563139958E-6	0
8.399521286982307E-6	0
8.390045132271351E-6	0
8.271507109257761E-6	0
8.054223492102269E-6	0
7.8628794458016E-6	0
7.81156534871432E-6	0
7.79428650956279E-6	0
3.974498457611324E-6	0
3.004498051153092E-6	0
2.5576292300769074E-6	0
2.5524651778868718E-6	0
2.547131393561414E-6	0
2.169439102059061E-6	0
1.8719308175437601E-6	0
1.8383603535381246E-6	0
1.6788705113945793E-6	0
1.4724561624954735E-6	0
1.3869660532439785E-6	0
1.3775961114710966E-6	0
1.3427387588138151E-6	0
1.3004881866806947E-6	0
1.2873770772179296E-6	0
1.0156807990066604E-6	0
1.0150537384300013E-6	0
1.0036704327616422E-6	0
1.003670432761642E-6	0
9.210124973277011E-7	0
8.425680576473388E-7	0
8.067430174725896E-7	0
7.844196499849575E-7	0
7.782577012229718E-7	0
7.639881288202357E-7	0
7.607347340739961E-7	0
7.491096691505942E-7	0
6.607625783738323E-7	0
5.98123683754967E-7	0
5.752095009634745E-7	0
5.657646678263268E-7	0
5.470351801357942E-7	0
5.46910002662498E-7	0
5.46126279062498E-7	0
4.6007578168317926E-7	0
4.3027687267859276E-7	0
3.9064687924465057E-7	0
3.9064687924465057E-7	0
3.540427914303529E-7	0
3.540427914303529E-7	0
3.540427914303529E-7	0
3.540427914303529E-7	0
3.540427914303529E-7	0
3.540427914303529E-7	0
3.540427914303529E-7	0
3.540427914303529E-7	0
3.540427914303529E-7	0
3.540427914303529E-7	0
3.540427914303529E-7	0
3.540427914303529E-7	0
3.540427914303529E-7	0
2.549329266217864E-7	0
2.3122799789416265E-7	0
2.3122799789416265E-7	0
2.3122799789416263E-7	0
2.3122799789416263E-7	0
2.3122799789416263E-7	0
2.3122799789416263E-7	0
2.3122799789416263E-7	0
2.3122799789416263E-7	0
2.3122799789416263E-7	0
2.3122799789416263E-7	0
2.3122799789416263E-7	0
2.3122799789416263E-7	0
2.1176028491687662E-7	0
2.1176028491687657E-7	0
1.8755559068439194E-7	0
1.8755559068439194E-7	0
1.8755559068439194E-7	0
1.8755559068439194E-7	0
1.8755559068439194E-7	0
1.8755559068439194E-7	0
1.8755559068439194E-7	0
1.5028623191386881E-7	0
1.5028623191386881E-7	0
1.5028623191386881E-7	0
1.5028623191386881E-7	0
1.5028623191386881E-7	0
9.540259504512568E-8	0
2.6897136360837984E-8	0
2.6897136360837984E-8	0
3.713876313126803E-10	0
0.0	0
0.0	0
0.0	0
0.0	0
0.0	0
0.0	0
0.0	0
0.0	0
0.0	0
0.0	0
0.0	0
0.0	0
0.0	0
0.0	0
0.0	0
0.0	0
0.0	0
0.0	0
0.0	0
0.0	0
0.0	0
0.0	0
0.0	0
0.0	0
0.0	0
