0.15000000000000002	0
2.5115685579170897E-5	0
2.5060002828555224E-5	0
2.4150558078627582E-5	0
2.3293756732487262E-5	0
2.2678756087371283E-5	0
2.1818245045597834E-5	0
2.134111338658079E-5	0
2.077612315232144E-5	0
2.0707488580357294E-5	0
2.0698497743523563E-5	0
2.0663756194964955E-5	0
2.06463186308572E-5	0
2.060632032362776E-5	0
2.0601398015197506E-5	0
2.0527472483661274E-5	0
2.0518835005728538E-5	0
2.0476808478010357E-5	0
2.047565459905642E-5	0
2.047565459905642E-5	0
2.047565459905642E-5	0
2.047565459905642E-5	0
2.047565459905642E-5	0
2.047565459905642E-5	0
2.012532774293805E-5	0
1.9592102374747664E-5	0
1.876305877780747E-5	0
1.6217112796417813E-5	0
1.6069435336817645E-5	0
1.605772656439403E-5	0
1.602594141138304E-5	0
1.602568636059567E-5	0
1.6015749060581898E-5	0
1.5940929815102727E-5	0
1.5935859406228364E-5	0
1.585563823178194E-5	0
1.5840194971260383E-5	0
1.5840194971260383E-5	0
1.5742298462544778E-5	0
1.5579184835479832E-5	0
1.525263599297822E-5	0
1.5167344488934671E-5	0
1.4897020682425861E-5	0
1.471795276700197E-5	0
1.4537721742312062E-5	0
1.4449790008493033E-5	0
1.4251101749410829E-5	0
1.4208013008748938E-5	0
1.408793725865654E-5	0
1.4022361002879146E-5	0
1.389577379985836E-5	0
1.3704822318721708E-5	0
1.3574120348442443E-5	0
1.3561724788050187E-5	0
1.3542141500316242E-5	0
1.3493359032721972E-5	0
1.3418941071097469E-5	0
1.3410993916076785E-5	0
1.324044190810255E-5	0
1.3204869890980332E-5	0
1.2923820892485345E-5	0
1.2862935532148504E-5	0
1.2751148565972018E-5	1
1.2740672643274884E-5	0
1.2614092275604192E-5	0
1.2609159476483323E-5	0
1.2590145727403087E-5	0
1.2484663032231823E-5	0
1.2063099433254893E-5	0
1.2042223115975503E-5	0
1.2039000888179298E-5	0
1.2036891716132073E-5	0
1.1967839238179093E-5	0
1.1896676306379476E-5	0
1.1782515419838782E-5	0
1.169275230841179E-5	0
1.1587246464416519E-5	0
1.1578379021882585E-5	0
1.1529135973251063E-5	0
1.1463003676510073E-5	0
1.1360168112612589E-5	0
1.1231593288717123E-5	0
1.1219065351975034E-5	0
1.1164028575851168E-5	0
1.1112203434812039E-5	0
1.1096875653366865E-5	0
1.0984154333810006E-5	0
1.0949001505859314E-5	0
1.0703905566984083E-5	0
1.0621959836931346E-5	0
1.0620410169012583E-5	0
1.603304698896407E-6	0
1.5670340611298582E-6	0
1.5415725827147038E-6	0
1.516951272933353E-6	0
1.5040646675320603E-6	0
1.4837123160427666E-6	0
1.4772816015351869E-6	0
1.4750859513153663E-6	0
1.4575949278654565E-6	0
1.4325271094003946E-6	0
1.431695086956341E-6	0
1.4293611955003968E-6	0
1.416973526908532E-6	0
1.4051694428431758E-6	0
1.4015333712674332E-6	0
1.3985227053188917E-6	0
1.38591476938784E-6	0
1.385890218454706E-6	0
1.3717202140257254E-6	0
1.366747327787112E-6	0
1.330847722887949E-6	0
1.3299245481052416E-6	0
1.3068035914625972E-6	0
1.3032637025710835E-6	0
1.269133016173631E-6	0
1.2442945366431021E-6	0
1.230091061229355E-6	0
1.2179968419616686E-6	0
1.201182590148231E-6	0
1.201182590148231E-6	0
1.201182590148231E-6	0
1.201182590148231E-6	0
1.201182590148231E-6	0
1.201182590148231E-6	0
1.201182590148231E-6	0
1.201182590148231E-6	0
1.201182590148231E-6	0
1.201182590148231E-6	0
1.201182590148231E-6	0
1.201182590148231E-6	0
1.201182590148231E-6	0
1.201182590148231E-6	0
1.201182590148231E-6	0
1.201182590148231E-6	0
1.201182590148231E-6	0
1.201182590148231E-6	0
1.201182590148231E-6	0
1.201182590148231E-6	0
1.201182590148231E-6	0
1.201182590148231E-6	0
1.201182590148231E-6	0
1.201182590148231E-6	0
1.201182590148231E-6	0
1.201182590148231E-6	0
1.201182590148231E-6	0
1.1679619587421433E-6	0
1.1477442711699066E-6	0
1.1418334214349193E-6	0
1.1366703161792093E-6	0
1.1246064299700943E-6	0
1.0819212598345959E-6	0
1.0658205863351444E-6	0
1.0109453780408784E-6	0
9.88364411648356E-7	0
9.648550306921875E-7	0
8.500013150825399E-7	0
8.493275878798898E-7	0
8.493275878798898E-7	0
8.493275878798897E-7	0
8.493275878798897E-7	0
8.493275878798897E-7	0
8.493275878798897E-7	0
8.493275878798897E-7	0
8.493275878798897E-7	0
8.493275878798897E-7	0
8.493275878798897E-7	0
7.009994914699713E-7	0
6.81877990709249E-7	0
6.521569375765073E-7	0
6.277030814214456E-7	0
6.271854093340041E-7	0
6.191154666459538E-7	0
6.037222115665651E-7	0
5.705383480944566E-7	0
5.608904363417496E-7	0
5.603222977470767E-7	0
4.994835118384404E-7	0
4.888203434470568E-7	0
4.775730533027379E-7	0
4.775730533027379E-7	0
4.775730533027379E-7	0
4.775730533027379E-7	0
4.775730533027379E-7	0
4.775730533027379E-7	0
4.775730533027379E-7	0
4.775730533027379E-7	0
4.775730533027379E-7	0
4.775730533027379E-7	0
4.775730533027379E-7	0
4.775730533027379E-7	0
4.775730533027379E-7	0
4.775730533027379E-7	0
4.775730533027379E-7	0
4.775730533027379E-7	0
4.775730533027379E-7	0
4.775730533027378E-7	0
4.4153697776194834E-7	0
4.176234545524969E-7	0
4.139617013044201E-7	0
4.0685576554398147E-7	0
4.022569365739097E-7	0
3.9742929814775614E-7	0
3.875500485235089E-7	0
3.8087576138403974E-7	0
3.675776150510922E-7	0
3.447973427344763E-7	0
3.144850094669442E-7	0
3.1406381122489005E-7	0
3.0971539506521293E-7	0
3.074306754644514E-7	0
2.9806103701359505E-7	0
2.8689206037740925E-7	0
2.8350687943241364E-7	0
2.6930380601328947E-7	0
2.602130482244733E-7	0
2.5790879740873833E-7	0
2.383051785929254E-7	0
2.383051785929254E-7	0
2.3736041847470692E-7	0
2.3629378788909367E-7	0
2.1180653869593712E-7	0
1.8254722362439022E-7	0
1.5751718056125077E-7	0
1.311836326705006E-7	0
1.0221668175577546E-7	0
9.47262520634851E-8	0
9.47262520634851E-8	0
9.47262520634851E-8	0
9.47262520634851E-8	0
9.47262520634851E-8	0
9.47262520634851E-8	0
9.47262520634851E-8	0
9.319591503130458E-8	0
8.517156380021109E-8	0
8.517156380021109E-8	0
8.517156380021109E-8	0
8.517156380021109E-8	0
8.517156380021109E-8	0
8.097359279697956E-8	0
6.894099046106735E-8	0
6.894099046106735E-8	0
6.894099046106735E-8	0
6.894099046106735E-8	0
6.612542141006E-8	0
6.101968771563011E-8	0
1.9759734280802623E-8	0
1.9759734280802623E-8	0
1.9759734280802623E-8	0
1.9759734280802623E-8	0
1.9759734280802623E-8	0
1.9759734280802623E-8	0
1.9759734280802623E-8	0
1.975973428080262E-8	0
1.975973428080262E-8	0
1.975973428080262E-8	0
1.975973428080262E-8	0
1.975973428080262E-8	0
1.0505908849433307E-8	0
8.198072593405217E-9	0
8.198072593405217E-9	0
3.2495612635130596E-9	0
3.2495612635130596E-9	0
4.393334982444915E-11	0
0.0	0
0.0	0
0.0	0
0.0	0
0.0	0
0.0	0
0.0	0
0.0	0
0.0	0
0.0	0
0.0	0
0.0	0
0.0	0
0.0	0
0.0	0
0.0	0
0.0	0
0.0	0
0.0	0
0.0	0
0.0	0
0.0	0
0.0	0
0.0	0
0.0	0
