0.15000000000000002	0
0.12752069639103	0
1.7711423639880016E-4	0
1.6794845549044962E-4	0
1.6565570780072765E-4	0
1.5909479076154607E-4	0
1.5835927074336794E-4	0
1.5806005278023557E-4	0
1.577077645907102E-4	0
1.5715289444799663E-4	0
1.5708286712249535E-4	0
1.5622214820622789E-4	0
1.536075026779778E-4	0
1.5336703096441737E-4	0
1.53099183925827E-4	0
1.5218702782521484E-4	0
1.5211513986354574E-4	0
1.513372719527947E-4	0
1.497792698904583E-4	0
1.488713891480225E-4	0
1.4877347774365442E-4	0
1.485495790239321E-4	0
1.483534295531181E-4	0
1.478034033949757E-4	0
1.476419528188382E-4	0
1.471600692318114E-4	0
1.4713449608050197E-4	0
1.4691815516857073E-4	0
1.4559336363800882E-4	0
1.4554100698964317E-4	0
1.4553406335202234E-4	0
1.4443148899552277E-4	0
1.437240874717556E-4	0
1.435367451903701E-4	0
1.434841948868738E-4	0
1.430439630664232E-4	0
1.4283352041066381E-4	0
1.4198272603052755E-4	0
1.418259930099559E-4	0
1.418208269684559E-4	0
1.4108691582871883E-4	0
1.4065909560197676E-4	0
1.401151752350001E-4	0
1.3974075487960228E-4	0
1.3950743661698414E-4	0
1.38990400825934E-4	0
1.3881635071531854E-4	0
1.38295959541468E-4	0
1.3749799678214878E-4	0
1.3729473083858636E-4	0
1.3633599995557948E-4	0
1.3549187502231354E-4	0
1.3534383582186756E-4	0
1.3458389374798377E-4	0
1.344205571017433E-4	0
1.3441022269995636E-4	0
1.3428873285914797E-4	0
1.3372078129228322E-4	0
1.3357924622600705E-4	0
1.330039243840045E-4	0
1.326676526287945E-4	0
1.3231524374742614E-4	0
1.32126876473794E-4	0
1.307091338316969E-4	0
1.3037706032277893E-4	0
1.2983817474246576E-4	0
1.2965932410916958E-4	0
1.2550329839516864E-4	0
1.2088021954667832E-4	0
1.1871582673366875E-4	0
1.1226608772352849E-4	0
1.1182059880910678E-4	0
1.1150328572060915E-4	0
1.112085409911556E-4	0
1.1104172324412417E-4	0
1.1102149962306317E-4	0
1.1100646881949368E-4	0
1.1093099142214022E-4	0
1.1088793895966322E-4	0
1.107668144761956E-4	0
1.1073059242865269E-4	0
1.106108374763729E-4	0
1.1043297389583773E-4	0
1.0811399428887163E-4	0
1.0455696180253853E-4	0
1.0451852458242347E-4	0
1.040896796827242E-4	0
1.039306082885398E-4	0
1.0385431374290828E-4	0
1.0383527109316843E-4	0
1.036499424996468E-4	0
1.0357744159920176E-4	0
1.0356949588217486E-4	0
1.0356083923770978E-4	0
1.0329931278684168E-4	0
1.0327294690617777E-4	0
1.0327104129204476E-4	0
1.0317321571668157E-4	0
1.0296599180612907E-4	0
1.0277946730819157E-4	0
1.0253679634795955E-4	0
1.0015642071894698E-4	0
9.924564269658679E-5	0
9.876782812346184E-5	0
9.820287505284749E-5	0
9.813939553114326E-5	0
9.781963387153253E-5	0
9.73454991450419E-5	0
9.72059424941126E-5	0
9.661422673624059E-5	0
9.659785336282829E-5	0
9.653017485521657E-5	0
9.644985574298062E-5	0
9.619863500938527E-5	0
9.600645869497313E-5	0
9.546907870758958E-5	0
9.50867945699402E-5	0
9.448002922276756E-5	0
9.427506505409774E-5	0
9.425501160521749E-5	0
9.40604057203605E-5	0
9.316680919290656E-5	0
9.306551989224275E-5	0
9.269873359893212E-5	0
9.268135165363758E-5	0
9.22542563688294E-5	0
9.211627859902397E-5	0
9.207922112295827E-5	0
9.198893270703354E-5	0
9.192940109941093E-5	0
9.186128240500256E-5	0
9.178676721646225E-5	0
9.154630849434305E-5	0
9.1405889946288E-5	0
9.126994150273305E-5	0
9.102081154671598E-5	0
9.095863454494287E-5	0
9.07553629893102E-5	0
9.020174044384381E-5	0
9.011907887423311E-5	0
8.999460201909943E-5	0
8.966112912568571E-5	0
8.940954946298135E-5	0
8.896510578229128E-5	0
8.889836953825862E-5	0
8.859912689656842E-5	0
8.81936022265886E-5	0
8.81936022265886E-5	0
8.81936022265886E-5	0
8.81936022265886E-5	0
8.81936022265886E-5	0
8.81936022265886E-5	0
8.81936022265886E-5	0
8.819360222658859E-5	0
8.819360222658859E-5	0
8.819360222658859E-5	0
8.819360222658859E-5	0
8.819360222658859E-5	0
8.819360222658859E-5	0
8.819360222658859E-5	0
8.819360222658859E-5	0
8.819360222658859E-5	0
8.819360222658859E-5	0
8.819360222658859E-5	0
8.819360222658859E-5	0
8.819360222658859E-5	0
8.819360222658859E-5	0
8.819360222658859E-5	0
8.799469365091612E-5	0
8.760160687223003E-5	0
8.713682706840611E-5	0
8.704302238795595E-5	0
8.704284139197199E-5	0
8.67531781521105E-5	0
8.612050803390052E-5	0
8.575853055166133E-5	0
8.550296494024322E-5	0
8.547037614624412E-5	0
8.496176298192832E-5	0
8.496176298192832E-5	0
8.496176298192832E-5	0
8.496176298192832E-5	0
8.496176298192832E-5	0
8.496176298192832E-5	0
8.496176298192832E-5	0
8.496176298192832E-5	0
8.496176298192832E-5	0
8.496176298192832E-5	0
8.496176298192832E-5	0
8.496176298192832E-5	0
8.496176298192832E-5	0
8.496176298192832E-5	0
8.496176298192832E-5	0
8.496176298192832E-5	0
8.42281999832085E-5	0
8.403790012288868E-5	0
8.388083646210946E-5	0
8.37254001640138E-5	0
8.352126453117953E-5	0
8.326414949872223E-5	0
8.308991616721863E-5	0
8.304002410886137E-5	0
8.285233291467475E-5	0
8.278797189210069E-5	0
8.274077682298213E-5	0
8.271401462419454E-5	0
8.264788894580879E-5	0
8.251135034677313E-5	0
8.24920459882902E-5	0
8.239229011590793E-5	0
8.211629351255257E-5	0
8.209158690544178E-5	0
8.121816237136121E-5	0
8.08310130545563E-5	0
8.060451688073785E-5	0
8.060175824596554E-5	0
8.060175824596554E-5	0
8.060175824596554E-5	0
8.060175824596554E-5	0
8.060175824596554E-5	0
8.060175824596554E-5	0
8.060175824596554E-5	0
8.060175824596554E-5	0
8.021906626989704E-5	0
8.021906626989704E-5	0
8.021906626989704E-5	0
8.021906626989704E-5	0
8.021906626989704E-5	0
8.021906626989704E-5	0
8.021906626989704E-5	0
8.021906626989704E-5	0
8.021906626989704E-5	0
8.021906626989704E-5	0
8.01713734024248E-5	0
8.01713734024248E-5	0
8.01713734024248E-5	0
7.978412248840387E-5	0
7.890939019265183E-5	0
7.833426828839816E-5	0
7.808189825512368E-5	0
7.706043454185814E-5	0
7.686054849281113E-5	0
7.616297630623836E-5	0
7.616297630623836E-5	0
7.616297630623836E-5	0
7.616297630623836E-5	0
7.616297630623836E-5	0
7.371116789827792E-5	0
6.987437840753342E-5	0
6.276342692972146E-5	0
6.24262309042536E-5	0
5.917304148585566E-5	0
5.88292476017313E-5	0
1.75873956054226E-5	0
1.6993735247967715E-5	1
1.6993735247967715E-5	0
1.6993735247967715E-5	0
1.2263158298178632E-5	0
1.2263158298178632E-5	0
8.28888730578717E-6	0
8.1858556771071E-6	0
8.185671900168753E-6	0
6.822318555011988E-6	0
6.812680238861472E-6	0
6.772151280128277E-6	0
6.387799173308781E-6	0
6.147992544995622E-6	0
6.0253140827013685E-6	0
5.999254245263144E-6	0
5.994747841875819E-6	0
5.87271727310855E-6	0
5.572804063885268E-6	0
5.572804063885268E-6	0
5.572804063885268E-6	0
5.572804063885268E-6	0
5.436229062584415E-6	0
5.2894227312799885E-6	0
5.237080178156705E-6	0
5.223941613432238E-6	0
5.0595343028389045E-6	0
5.023879738943349E-6	0
4.79519268839824E-6	0
4.632086463336605E-6	0
4.616221037651801E-6	0
4.45261643798435E-6	0
4.385196107083256E-6	0
4.333500421371011E-6	0
4.300115551013977E-6	0
4.1636901451644216E-6	0
4.0985204353156285E-6	0
3.958688132303877E-6	0
3.956666194412311E-6	0
3.907945705976969E-6	0
3.8340647129786985E-6	0
3.8084987963083534E-6	0
3.790841527607023E-6	0
3.7378672998545083E-6	0
3.6757288527293105E-6	0
3.6147676601639717E-6	0
3.613009583963932E-6	0
3.6075314872289396E-6	0
3.5171370220129562E-6	0
3.351840157259651E-6	0
3.33273918482233E-6	0
3.2219995035873964E-6	0
3.1498269789621E-6	0
2.8375547944991314E-6	0
2.8352484129378216E-6	0
2.8352484129378216E-6	0
2.780523972858314E-6	0
2.7431288654773086E-6	0
2.7339255084546466E-6	0
2.7289283847962274E-6	0
2.451115529845179E-6	0
2.4284816470086407E-6	0
2.392290756812E-6	0
2.346429459701424E-6	0
2.340911929927946E-6	0
2.278549888163244E-6	0
2.258600176858211E-6	0
2.217583239279786E-6	0
2.2125624487401564E-6	0
2.1495964309054254E-6	0
2.045796391664669E-6	0
1.921761173775306E-6	0
1.7245323307900572E-6	0
1.5979357918459063E-6	0
1.5979357918459063E-6	0
1.5702561191602093E-6	0
1.570256119160209E-6	0
1.570256119160209E-6	0
1.414535131571751E-6	0
1.414535131571751E-6	0
1.414535131571751E-6	0
1.414535131571751E-6	0
1.414535131571751E-6	0
1.414535131571751E-6	0
1.414535131571751E-6	0
1.414535131571751E-6	0
1.414535131571751E-6	0
1.414535131571751E-6	0
1.414535131571751E-6	0
1.4145351315717509E-6	0
1.1789001986431078E-6	0
1.0913574538698234E-6	0
1.0913574538698234E-6	0
1.0913574538698234E-6	0
1.0913574538698234E-6	0
1.0913574538698234E-6	0
1.0913574538698234E-6	0
1.078268659118571E-6	0
1.078268659118571E-6	0
1.078268659118571E-6	0
1.078268659118571E-6	0
1.078268659118571E-6	0
1.078268659118571E-6	0
1.078268659118571E-6	0
9.960913781458224E-7	0
8.573722110390922E-7	0
8.205876535981626E-7	0
8.205876535981626E-7	0
8.205876535981626E-7	0
8.205876535981626E-7	0
8.205876535981626E-7	0
6.539366470390191E-7	0
6.494619203616956E-7	0
6.112380630845286E-7	0
6.112380630845286E-7	0
6.112380630845286E-7	0
6.112380630845286E-7	0
6.112380630845286E-7	0
6.112380630845286E-7	0
6.112380630845284E-7	0
6.112380630845284E-7	0
6.112380630845284E-7	0
6.112380630845284E-7	0
6.112380630845284E-7	0
6.112380630845284E-7	0
6.112380630845284E-7	0
5.868252098849162E-7	0
5.868252098849162E-7	0
5.723745607033995E-7	0
5.28178830732627E-7	0
5.262523377501743E-7	0
4.996774931726744E-7	0
4.996774931726744E-7	0
4.996774931726744E-7	0
4.996774931726744E-7	0
4.996774931726744E-7	0
4.3599179028068566E-7	0
4.3599179028068566E-7	0
4.3599179028068566E-7	0
4.3599179028068566E-7	0
4.3599179028068566E-7	0
4.3599179028068566E-7	0
4.3599179028068566E-7	0
4.3590508310145633E-7	0
4.3590508310145633E-7	0
4.3590508310145633E-7	0
4.3590508310145633E-7	0
4.3590508310145633E-7	0
4.3590508310145633E-7	0
4.27982581645429E-7	0
4.1958527166743445E-7	0
4.180760421173247E-7	0
4.180760421173247E-7	0
4.180760421173247E-7	0
4.180760421173247E-7	0
4.180760421173247E-7	0
3.675224903613855E-7	0
3.3374044079969606E-7	0
3.33740440799696E-7	0
3.33740440799696E-7	0
2.8519121075232447E-7	0
2.7523673279585207E-7	0
2.7523673279585207E-7	0
2.511716668039411E-7	0
2.3401285368760437E-7	0
2.3401285368760437E-7	0
2.3401285368760437E-7	0
2.122262383145628E-7	0
2.061960135803789E-7	0
2.061960135803789E-7	0
2.061960135803789E-7	0
2.061960135803789E-7	0
2.061960135803789E-7	0
2.061960135803789E-7	0
2.03252301835228E-7	0
1.7107250395365736E-7	0
3.02247311336341E-8	0
2.1904814301746273E-8	0
2.1904814301746273E-8	0
2.126470621337754E-8	0
2.126470621337754E-8	0
2.126470621337754E-8	0
2.126470621337754E-8	0
2.126470621337754E-8	0
2.126470621337754E-8	0
6.4610890428646095E-9	0
8.484485138940914E-11	0
5.399921955854841E-11	0
0.0	0
0.0	0
0.0	0
0.0	0
0.0	0
0.0	0
0.0	0
0.0	0
0.0	0
0.0	0
0.0	0
0.0	0
0.0	0
0.0	0
0.0	0
0.0	0
0.0	0
0.0	0
0.0	0
0.0	0
0.0	0
0.0	0
0.0	0
0.0	0
0.0	0
0.0	0
0.0	0
0.0	0
0.0	0
0.0	0
0.0	0
0.0	0
0.0	0
0.0	0
0.0	0
0.0	0
0.0	0
0.0	0
0.0	0
0.0	0
0.0	0
0.0	0
0.0	0
0.0	0
0.0	0
0.0	0
0.0	0
0.0	0
0.0	0
0.0	0
0.0	0
0.0	0
0.0	0
0.0	0
0.0	0
